POSITION_ESTIMATE: [-0.030253451317548752, 0.05226244032382965, 0.09629091620445251]
INITIAL_POSITION: [-0.00012058902939315885, -0.0007659311522729695, 0.04194294288754463]



POSITION_ESTIMATE: [1.0049717426300049, 1.4843553304672241, 0.30019521713256836]
INITIAL_POSITION: [-0.00012058902939315885, -0.0007659311522729695, 0.04194294288754463]